1.000000000000000056e-01 1.000000000000000000e+00
3.071428571428571619e-01 0.000000000000000000e+00
5.142857142857142350e-01 1.000000000000000000e+00
7.214285714285714191e-01 0.000000000000000000e+00
9.285714285714284921e-01 1.000000000000000000e+00
1.135714285714285676e+00 3.000000000000000000e+00
1.342857142857142971e+00 2.000000000000000000e+00
1.550000000000000044e+00 3.000000000000000000e+00
1.757142857142857117e+00 7.000000000000000000e+00
1.964285714285714191e+00 1.000000000000000000e+00
2.171428571428571264e+00 6.000000000000000000e+00
2.378571428571428559e+00 7.000000000000000000e+00
2.585714285714285854e+00 5.000000000000000000e+00
2.792857142857142705e+00 5.000000000000000000e+00
3.000000000000000000e+00 1.100000000000000000e+01
