 3.78117436e+00 5.80436205e-01
 -4.72612407e+00 -2.09010150e-01
 1.70467510e+00 -2.87429591e-01
 -8.26951976e-01 -8.10810433e-01
 5.86898284e-01 -7.79549370e-01
 -3.59613061e+00 6.24457292e-01
 -3.01898511e+00 -6.56280131e-01
 3.00744569e+00 1.73036518e-01
 4.68261576e+00 -3.84590555e-01
 -1.86575822e+00 -1.19955059e+00
 1.92322616e+00 -5.87751683e-02
 3.76389152e+00 3.14864643e-01
 3.94606664e+00 7.52073972e-01
 -4.14955789e+00 8.58928843e-01
 -4.60945217e+00 1.09268000e-01
 -3.30169580e+00 -5.25103201e-01
 3.78142503e+00 5.37698566e-01
 -4.01653166e+00 9.66847074e-01
 -7.88923750e-01 -9.19383182e-01
 4.57889530e+00 -3.43604462e-01
 3.31652850e-01 -9.10114194e-01
 1.91877114e+00 3.60387009e-01
 -1.84484369e+00 -1.28120951e+00
 1.86500928e+00 -3.46744753e-01
 3.34625672e+00 1.34270625e-01
 -4.81711723e+00 -4.03739650e-01
 2.50144315e+00 -8.13592774e-03
 4.88861089e+00 -4.37374472e-01
 2.48165654e+00 -8.15174309e-02
 -2.19556008e+00 -9.74704873e-01
 2.89279328e+00 -3.94693339e-02
 -3.96773993e+00 7.84352970e-01
 -5.21064738e-01 -5.34195719e-01
 4.08595503e+00 5.12776717e-01
 -2.06385852e+00 -1.19941486e+00
 -2.12224661e+00 -1.57372349e+00
 -3.69971428e+00 8.31778495e-01
 -4.80633042e+00 -1.75441349e-01
 1.78835533e+00 -1.77175182e-01
 -2.88371884e+00 -7.28883779e-01
 -2.34453341e+00 -1.11965115e+00
 -8.42684072e-02 -6.86230319e-01
 -4.46637455e+00 5.08230976e-01
 7.41176055e-01 -8.03637024e-01
 -3.53271425e+00 7.57907035e-02
 8.93055369e-01 -7.82925526e-01
 1.99758360e+00 -1.92309868e-01
 -3.97665571e+00 9.15435396e-01
 -8.59440122e-01 -8.72746765e-01
 1.94400158e+00 7.70421561e-02
 -8.58207305e-01 -9.68492784e-01
 -4.50046541e+00 4.57525146e-01
 3.58964059e-01 -8.54693339e-01
 1.63794645e+00 -1.77252671e-01
 1.48891121e-01 -6.87330885e-01
 4.44594756e+00 1.69041187e-01
 8.65550405e-01 -6.24777745e-01
 4.03401915e+00 4.34159716e-02
 -3.62525296e+00 6.53548671e-01
 -3.60723653e+00 2.94575811e-01
